1000                     4.111366455912135
1005                     3.8862881221805865
1010                     3.6861026231914655
1015                     3.5073509982581017
1020                     3.347564509430307
1025                     3.2050906650755158
1030                     3.0789316977093386
1035                     2.968578517180674
1040                     2.874162726867684
1045                     2.7960984411041783
1050                     2.735231815760538
1055                     2.6927882364350366
1060                     2.6703694604468677
1065                     2.6699865699467944
1070                     2.694098476144849
1075                     2.7456225127373086
1080                     2.8280194695799685
1085                     2.945404340734642
1090                     3.102682833047117
1095                     3.3058874299757233
1100                     3.5624921952778283
1105                     3.8819225756373994
1110                     4.276654399384742
1115                     4.763546160882025
1120                     5.3663777307480975
1125                     6.119183764109477
1130                     7.071640159244764
1135                     8.294447299256072
1140                     9.877428969467049
1145                     11.890975975918602
1150                     14.234084733434733
1155                     16.332352834128507
1160                     17.178407019995348
1165                     16.44640628794561
1170                     15.021653160113722
1175                     13.795323376240274
1180                     13.041972033093485
1185                     12.703845119735014
1190                     12.657715508199619
1195                     12.80068047849032
1200                     13.060368216653345
1205                     13.38800357097276
1210                     13.750369317220324
1215                     14.124969772176415
1220                     14.496218330094736
1225                     14.853060056576261
1230                     15.188112462455766
1235                     15.496355070163728
1240                     15.774634580365689
1245                     16.021222117710803
1250                     16.23548160642026
1255                     16.417599386369442
1260                     16.568435983963862
1265                     16.689267715755705
1270                     16.78171778636284
1275                     16.847629759053913
1280                     16.88897973689981
1285                     16.90780666224632
1290                     16.906157949673428
1295                     16.88604803920645
1300                     16.84942774684972
1305                     16.798162533141337
1310                     16.734018033153273
1315                     16.65868656254822
1320                     16.573640864074857
1325                     16.48034961064138
1330                     16.380132910140205
1335                     16.274203872374816
1340                     16.163673900955494
1345                     16.04955887072814
1350                     15.932785835667259
1355                     15.814199994638756
1360                     15.69457171010815
1365                     15.574603430800206
1370                     15.45493641379528
1375                     15.336157177015034
1380                     15.218803640591556
1385                     15.103370936892802
1390                     14.99031688456226
1395                     14.880067134106081
1400                     14.773020000491824
1405                     14.669551004907976
1410                     14.570017151392184
1415                     14.474760967027066
1420                     14.384114336011274
1425                     14.298402158975003
1430                     14.217945869073064
1435                     14.143066836725797
1440                     14.074089694592923
1445                     14.011345614043048
1450                     13.95517556395755
1455                     13.905933582204046
1460                     13.86399008953226
1465                     13.829735274689318
1470                     13.803582578490197
1475                     13.785972303473235
1480                     13.777375372851086
1485                     13.778297260396194
1490                     13.78928210797131
1495                     13.810917041523245
1500                     13.843836687931748
1505                     13.88872788306771
1510                     13.946334544941891
1515                     14.017462663554937
1520                     14.102985328113041
1525                     14.203847671353234
1530                     14.321071555165593
1535                     14.455759748507273
1540                     14.60909925115451
1545                     14.782363289739498
1550                     14.976911346383352
1555                     15.194186366241686
1560                     15.43570801708328
1565                     15.703060528627995
1570                     15.997873212053182
1575                     16.32179123992055
1580                     16.676433653851166
1585                     17.06333487384967
1590                     17.483865248306984
1595                     17.939125487531832
1600                     18.42980930916399
1605                     18.956028522885152
1610                     19.517075309777628
1615                     20.11124485639508
1620                     20.735391019485654
1625                     21.384671167003475
1630                     22.052156453608678
1635                     22.728476965744058
1640                     23.401528781448143
1645                     24.05631257132381
1650                     24.674990372167457
1655                     25.237254154717263
1660                     25.721087088252496
1665                     26.103956602719066
1670                     26.36440360484722
1675                     26.4838924668654
1680                     26.448685023224833
1685                     26.25143396275336
1690                     25.892191324574902
1695                     25.378612936339845
1700                     24.725294813332834
1705                     23.952357420946278
1710                     23.08354043455966
1715                     22.144140085277712
1720                     21.1591015910193
1725                     20.15149176278603
1730                     19.14146080259641
1735                     18.14569524816052
1740                     17.177278465007692
1745                     16.245913447289784
1750                     15.358233643477694
1755                     14.518316408050667
1760                     13.728165540939887
1765                     12.988177958621694
1770                     12.297556440351881
1775                     11.654656931772525
1780                     11.057269415505283
1785                     10.502837512911977
1790                     9.98862496505684
1795                     9.511838046068062
1800                     9.069712637723693
1805                     8.659573740413247
1810                     8.278873997086313
1815                     7.9252165925558575
1820                     7.596366779766991
1825                     7.290255328931608
1830                     7.004976406351876
1835                     6.738781757093659
1840                     6.490072569620747
1845                     6.257390018767192
1850                     6.0394051937486575
1855                     5.834908901357074
1860                     5.642788343508373
1865                     5.462071323616924
1870                     5.29183585410229
1875                     5.131256466467072
1880                     4.979582642824706
1885                     4.836131694450548
1890                     4.700282264809886
1895                     4.5714684261131895
1900                     4.4491743318197
1905                     4.332929384066818
1910                     4.222303874186294
1915                     4.116905055007289
1920                     4.016373605390898
1925                     3.920380449643845
1930                     3.8286238970999613
1935                     3.74082706990954
1940                     3.6567355898041787
1945                     3.5761154972686398
1950                     3.498751379138272
1955                     3.424444682917176
1960                     3.3530121984303243
1965                     3.2842846892810487
1970                     3.218105658555528
1975                     3.1543302347461957
1980                     3.0928241654301982
1985                     3.0334629075476847
1990                     2.9761308043117913
1995                     2.9207203398790913
2000                     2.8671314638212113
